function [ w ,gp ] = gausspoints

w(1)=0.27777777777778  ;
w(2)=0.44444444444444  ;
w(3)=w(1)              ;

gp(1)=0.11270166537926 ;
gp(2)=0.5d00           ;
gp(3)=1.0d00-gp(1) ;
end

