function [pt,ptt ] = points(  )


ptt(1)=0.27777777777778  ;
ptt(2)=0.44444444444444  ;
ptt(3)=ptt(1)              ;

pt(1)=0 ;
pt(2)=0.5d00           ;
pt(3)=1.0d00-pt(1) ;



end

